+554298234079
+554288386029
+5542988054146
+557598245773
+556699293821
+5511953355399
+5518996996028
+5515997037340
+558399967626
+5513997379714
+557488367311
+557188382515
+556195806351
+553498593555
+5516996087457
+5511931781927
+556191967475
+5511983700226
+5511984450535
+553172402202
+5511956947621
+5521987291835
+5511946253596
+5511953954249
+555599011270
+556798098486
+5519998089924
+557799981578
+554197034540
+558199116730
+5511943738589
+559591729764
+554288054146
+557196836218
+5511912317114
+555199401916
+556194154973
+5524993302983
+555392064117
+557197410818
+555497006426
+557583288376
+5517988466773
+554691099776
+557998636016
+555492525628
+554791053489
+556199491256
+5511985909607
+555197544112
+554591184862
+5524999912773
+553299113173
+5521970785421
+5511967983224
+555184803248
+5511948620049
+554991234749
+556596131261
+5511916598986
+5516997237157
+559184680342
+556281533777
+556999633611
+5516997205472
+553498720706
+557999287274
+553898844306
+556796649286
+5514998540198
+555196485581
+553892098517
+553399041249
+558184860788
+559284234936
+557582881181
+558187583184
+559984018635
+554291067053
+5521971753371
+553291097515
+5511949216864
+556296052331
+5511961095304
+5521984662392
+559984723606
+557491126851
+556981564240
+5511946139002
+553182205930
+558194298815
+5511991184742
+5511948635324
+559884871982
+447979447323
+555192559227
+5511986127807
+5511969996715
+556281530813
+5521977433024
+5519997497844
+5511957112177
+5511991859491
+5519999016820
+553191383301
+5518996522594
+5517997552722
+5519992547943
+556596144371
+5511931117238
+557381913260
+554998021299
+557499123344
+5511998800965
+554185265383
+5511914708526
+555596252983
+555497133584
+5519998852742
+5528999616226
+5513991633046
+5527998262962
+556293437948
+557598524162
+553298574512
+553182763638
+557788653136
+5511945171426
+5521969001909
+558681341163
+554991367110
+559891065706
+553187643084
+5519983208466
+5511937735939
+5511967773586
+555195485583
+5519971019608
+5514998273917
+555185382832
+557183088483
+5511913389122
+5535910016588
+5521995115835
+554192934728
+554197043481
+554391791572
+5521972886435
+5519999806157
+5521998256908
+559293321588
+5516981292669
+5511915879935
+5511962333736
+5511932539919
+5522988641003
+554196564805
+559984079160
+5511932084996
+559292758652
+5512991423664
+5521996788986
+553189561268
+558381472242
+553196332580
+553497341583
+557799411113
+555399452429
+5514998649716
+556492708525
+554788665864
+553197626683
+554199474894
+5519995456791
+558193786263
+5521969406784
+5521967122751
+559891952560
+559491979070
+554192923168
+556381340808
+554391163901
+557581150774
+559491417572
+553172257361
+5511984789326
+5527998354280
+559293787605
+558288747288
+558481246429
+5522998680019
+553888671003
+556198680700
+556198693929
+553399502264
+5512997182721
+5511912553800
+554396755928
+558587970996
+556198848683
+558296704559
+556791421289
+556285405209
+5519998139201
+558193570958
+553191368507
+559193891101
+5511954354780
+5511977990353
+5521982569658
+559896066866
+5514988017663
+5511946632132
+5519999533205
+556291234365
+554192936737
+5521970469730
+5519994123467
+554691050408
+5511966923172
+558694031927
+559691777881
+5511957223108
+5522998555791
+558381022629
+5527996284490
+5511954409859
+556596275245
+5521989780823
+556198329224
+559881324097
+5511965602188
+5516996328334
+559291668485
+554999411997
+5519998930964
+556293046693
+558189279956
+5521980850119
+555497010966
+556799134260
+5516997167387
+558291294445
+559491277501
+556281531994
+5527998448344
+558596518597
+5511986364857
+556796554095
Phone Number      
+5512996869298
+557798438154
+559192012226
+5521974426598
+5521987291835
+554891684754
+558186470483
+5519988150427
+555180598237
+5519994714724
+5519999548094
+2347015139580
+554288054146
+559892260836
+553584512365
+2349061309283
+558581063783
+260957239495
+556181905696
+554192234779
+553183511473
+2347039942659
+554891431075
+5515996841455
+556292834764
+554196309632
+5511945062373
+557799372155
+5521970785421
+557797012916
+558181665353
+5521986679095
+555196068856