5516993611514
5583987678708
5521974221105
5582999213059
5511986751073
5519987641382
5541996493221
5511983153536
5554997064731
5511930554724
5591989710848
5548984334146
5511979619558
5534997977902
5511975724098
5541999272130
5561992163302
5531989225528
554998279275
5562998279997
5522999669650
5516997391146
5521989883641
5511969525707
5511961525656
5511966487435
5511982357765
5524999890399
5519997872507
5511985964119
551146055865
5511964029077
5511964029077
5521983171219
5553984470192
551197219772
5519981154104
5531975471482
5565999139536
5511994564585
5521964986660
5511966110018
5521965800624
5511995510257
5547991879734
5521990055683
5522998024954
5531992445429
5543988435894
5517992266890
5521964331053
5521984418320
5517996221002
5549988185433
5521964906284
5511968825766
5555999522052
5549991394657
5521964150061
5521965253349
5521971303966
5522998403566
5551984883436
5561985416931
5511952311154
5534992220176
5511981494961
5511995204154
5511977176645
5531988694639
5531987083493
5554991444960
5524999383392
5521986142484
5531971736941
5517996680818
5531992479755
551948019788
551195817056
5519997484636
5511957202519
5534991760757
5562985802996
5511987859795
5511980130530
5524999270084
5524993045966
5521986233717
551133705765
5521964827303
5515998259234
5592994019372
5521996476346
5519974169233
5511981083239
5562996534568
5521985476523
5519994280278
5543984854148
551158689099
5521987644382